1
1000
0.62 0.64 0.66 0.96
0.71 0.83 0.77 0.86
0.91 0.69 0.97 0.93
0.45 0.86 0.66 0.99
0.04 0.1 0.59 0.53
0.65 0.25 0.66 0.6
0.35 0.83 0.6 0.89
0.78 0.31 0.79 0.41
0.64 0.81 0.78 0.99
0.09 0.0 0.33 0.25
0.13 0.49 0.37 0.84
0.44 0.34 0.7 0.63
0.85 0.27 0.87 0.27
0.16 0.78 0.39 0.78
0.55 0.83 0.6 0.9
0.92 0.15 0.96 0.8
0.58 0.39 0.59 0.43
0.97 0.53 0.98 0.8
0.15 0.5 0.64 0.64
0.61 0.59 0.78 0.71
0.68 0.49 0.84 0.91
0.94 0.61 0.94 0.97
0.25 0.58 0.71 0.67
0.14 0.94 0.47 0.98
0.66 0.88 0.89 0.96
0.71 0.55 0.95 0.62
0.42 0.56 0.44 0.78
0.58 0.49 0.88 0.72
0.87 0.18 0.91 0.23
0.96 0.03 0.99 0.51
0.49 0.2 0.94 0.86
0.73 0.37 0.83 0.96
0.5 0.65 0.81 0.96
0.54 0.17 0.88 0.59
0.48 0.27 0.96 0.62
0.24 0.61 0.28 0.61
0.72 0.65 0.86 0.78
0.42 0.03 0.52 0.15
0.07 0.45 0.43 0.55
0.65 0.35 0.94 0.67
0.49 0.46 0.72 0.79
0.71 0.92 0.79 0.92
0.71 0.39 0.78 0.57
0.66 0.47 0.91 0.68
0.58 0.82 0.86 0.86
0.55 0.89 0.67 0.95
0.59 0.17 0.65 0.73
0.77 0.69 0.86 0.81
0.51 0.92 0.73 0.95
0.61 0.31 0.68 0.84
0.38 0.76 0.66 0.93
0.5 0.26 0.69 0.71
0.49 0.69 0.49 0.8
0.28 0.94 0.65 0.97
0.74 0.56 0.76 0.91
0.82 0.91 0.83 0.98
0.32 0.09 0.98 0.96
0.78 0.35 0.97 0.66
0.61 0.34 0.9 0.46
0.29 0.71 0.89 0.89
0.65 0.34 0.86 0.8
0.61 0.1 0.74 0.65
0.26 0.38 0.6 0.67
0.92 0.87 0.98 0.9
0.32 0.51 0.83 0.92
0.95 0.08 0.98 0.18
0.16 0.45 0.34 0.55
0.98 0.61 0.99 0.66
0.35 0.81 0.8 0.97
0.37 0.52 0.42 0.75
0.73 0.15 0.87 0.21
0.74 0.52 0.93 0.73
0.04 0.28 0.04 0.9
0.43 0.81 0.77 0.94
0.96 0.85 0.97 0.85
0.66 0.93 0.98 0.95
0.69 0.78 0.92 0.84
0.77 0.77 0.8 0.96
0.46 0.39 0.67 0.42
0.77 0.6 0.96 0.83
0.9 0.65 0.94 0.93
0.0 0.22 0.87 0.76
0.15 0.1 0.38 0.95
0.53 0.9 0.55 0.98
0.37 0.72 0.49 0.94
0.2 0.12 0.68 0.44
0.65 0.14 0.74 0.43
0.21 0.75 0.41 0.79
0.76 0.67 0.76 0.92
0.07 0.68 0.76 0.68
0.71 0.92 0.73 0.93
0.18 0.49 0.76 0.97
0.62 0.98 0.64 0.98
0.91 0.34 0.96 0.48
0.23 0.6 0.56 0.69
0.53 0.75 0.81 0.89
0.25 0.21 0.42 0.75
0.08 0.99 0.56 0.99
0.83 0.19 0.93 0.43
0.06 0.29 0.34 0.51
0.4 0.57 0.8 0.92
0.98 0.94 0.99 0.99
0.38 0.62 0.79 0.89
0.54 0.05 0.87 0.64
0.81 0.26 0.89 0.3
0.42 0.22 0.5 0.33
0.51 0.88 0.59 0.89
0.69 0.99 0.8 0.99
0.11 0.14 0.11 0.56
0.05 0.29 0.41 0.39
0.44 0.62 0.61 0.9
0.23 0.03 0.5 0.3
0.72 0.88 0.83 0.96
0.7 0.57 0.88 0.64
0.75 0.73 0.77 0.83
0.67 0.1 0.82 0.46
0.52 0.01 0.88 0.24
0.91 0.19 0.96 0.93
0.8 0.65 0.86 0.91
0.53 0.57 0.56 0.63
0.55 0.69 0.98 0.75
0.11 0.42 0.89 0.82
0.31 0.95 0.75 0.99
0.83 0.75 0.94 0.89
0.81 0.9 0.89 0.99
0.37 0.87 0.89 0.88
0.61 0.71 0.69 0.89
0.44 0.06 0.82 0.43
0.21 0.19 0.89 0.88
0.5 0.14 0.81 0.27
0.04 0.46 0.07 0.93
0.21 0.98 0.91 0.98
0.84 0.37 0.84 0.63
0.46 0.41 0.68 0.9
0.74 0.57 0.82 0.89
0.52 0.67 0.98 0.73
0.61 0.85 0.85 0.89
0.07 0.76 0.29 0.89
0.29 0.27 0.97 0.87
0.39 0.26 0.97 0.35
0.52 0.18 0.9 0.23
0.91 0.06 0.92 0.41
0.4 0.09 0.77 0.77
0.16 0.27 0.23 0.27
0.69 0.02 0.79 0.95
0.85 0.49 0.96 0.58
0.45 0.88 0.75 0.89
0.67 0.11 0.72 0.26
0.21 0.58 0.62 0.67
0.96 0.98 0.99 0.98
0.48 0.0 0.6 0.54
0.49 0.07 0.59 0.98
0.52 0.92 0.59 0.92
0.26 0.36 0.84 0.84
0.62 0.3 0.91 0.31
0.01 0.34 0.14 0.78
0.55 0.47 0.81 0.72
0.4 0.04 0.81 0.47
0.07 0.59 0.14 0.86
0.26 0.14 0.31 0.65
0.02 0.26 0.59 0.26
0.99 0.9 0.99 0.9
0.16 0.74 0.82 0.74
0.38 0.31 0.79 0.97
0.22 0.5 0.98 0.68
0.61 0.68 0.9 0.86
0.35 0.84 0.35 0.99
0.0 0.97 0.83 0.99
0.64 0.12 0.83 0.25
0.31 0.38 0.72 0.52
0.65 0.54 0.8 0.81
0.42 0.37 0.53 0.63
0.38 0.95 0.9 0.96
0.08 0.31 0.56 0.91
0.9 0.61 0.99 0.8
0.15 0.47 0.98 0.74
0.96 0.14 0.98 0.53
0.92 0.54 0.99 0.87
0.58 0.76 0.99 0.89
0.33 0.49 0.83 0.89
0.76 0.63 0.83 0.85
0.2 0.89 0.97 0.96
0.55 0.16 0.68 0.8
0.51 0.01 0.54 0.19
0.0 0.0 0.08 0.0
0.59 0.98 0.87 0.99
0.52 0.7 0.69 0.98
0.62 0.78 0.85 0.84
0.07 0.08 0.11 0.95
0.31 0.61 0.99 0.78
0.74 0.19 0.93 0.32
0.03 0.83 0.07 0.88
0.51 0.61 0.76 0.67
0.83 0.51 0.94 0.77
0.9 0.5 0.96 0.66
0.02 0.89 0.63 0.97
0.75 0.72 0.75 0.99
0.05 0.96 0.99 0.98
0.08 0.32 0.49 0.97
0.99 0.64 0.99 0.89
0.61 0.07 0.65 0.83
0.97 0.52 0.99 0.87
0.96 0.06 0.96 0.06
0.53 0.81 0.53 0.98
0.68 0.33 0.79 0.72
0.72 0.13 0.97 0.14
0.75 0.57 0.92 0.58
0.69 0.0 0.77 0.67
0.7 0.45 0.72 0.84
0.13 0.06 0.7 0.07
0.14 0.16 0.15 0.37
0.94 0.91 0.94 0.98
0.78 0.57 0.88 0.65
0.46 0.09 0.72 0.53
0.09 0.21 0.98 0.25
0.63 0.32 0.76 0.84
0.34 0.31 0.98 0.32
0.22 0.73 0.96 0.79
0.2 0.07 0.7 0.91
0.42 0.02 0.91 0.1
0.53 0.66 0.84 0.85
0.48 0.67 0.74 0.67
0.25 0.59 0.61 0.74
0.58 0.76 0.95 0.92
0.42 0.41 0.47 0.56
0.21 0.84 0.99 0.99
0.9 0.78 0.9 0.9
0.88 0.07 0.99 0.53
0.34 0.14 0.51 0.6
0.73 0.52 0.77 0.73
0.75 0.53 0.81 0.64
0.05 0.71 0.37 0.8
0.72 0.87 0.86 0.95
0.02 0.04 0.94 0.64
0.61 0.39 0.8 0.85
0.22 0.61 0.46 0.78
0.32 0.47 0.37 0.48
0.26 0.19 0.26 0.53
0.63 0.98 0.95 0.98
0.41 0.62 0.49 0.96
0.18 0.46 0.76 0.6
0.2 0.4 0.58 0.6
0.27 0.89 0.98 0.94
0.02 0.53 0.58 0.64
0.06 0.47 0.49 0.76
0.03 0.73 0.89 0.83
0.85 0.81 0.92 0.94
0.82 0.48 0.98 0.64
0.95 0.08 0.97 0.63
0.12 0.21 0.28 0.41
0.74 0.2 0.84 0.75
0.84 0.74 0.87 0.92
0.66 0.25 0.76 0.54
0.75 0.22 0.99 0.43
0.41 0.48 0.88 0.65
0.91 0.17 0.96 0.58
0.23 0.26 0.28 0.56
0.5 0.18 0.86 0.19
0.29 0.23 0.96 0.66
0.97 0.29 0.97 0.99
0.76 0.92 0.98 0.98
0.59 0.69 0.87 0.86
0.24 0.06 0.67 0.07
0.49 0.35 0.57 0.87
0.86 0.72 0.95 0.88
0.53 0.31 0.64 0.67
0.72 0.48 0.93 0.71
0.61 0.66 0.86 0.92
0.38 0.86 0.64 0.91
0.34 0.58 0.65 0.68
0.57 0.47 0.71 0.78
0.6 0.75 0.96 0.94
0.25 0.22 0.92 0.95
0.26 0.22 0.62 0.55
0.04 0.82 0.83 0.98
0.16 0.08 0.19 0.1
0.33 0.58 0.43 0.97
0.34 0.9 0.92 0.98
0.88 0.35 0.88 0.57
0.79 0.16 0.84 0.81
0.9 0.85 0.97 0.95
0.48 0.56 0.99 0.84
0.63 0.17 0.7 0.97
0.41 0.11 0.5 0.56
0.82 0.91 0.91 0.97
0.85 0.05 0.9 0.41
0.21 0.7 0.51 0.96
0.95 0.55 0.95 0.85
0.55 0.19 0.79 0.76
0.13 0.48 0.88 0.7
0.83 0.97 0.95 0.99
0.21 0.72 0.35 0.95
0.12 0.63 0.73 0.86
0.91 0.94 0.91 0.96
0.96 0.23 0.98 0.81
0.88 0.11 0.95 0.88
0.15 0.37 0.17 0.9
0.91 0.12 0.98 0.4
0.11 0.1 0.5 0.82
0.79 0.43 0.93 0.83
0.99 0.33 0.99 0.91
0.01 0.98 0.5 0.99
0.13 0.8 0.99 0.9
0.33 0.86 0.37 0.88
0.54 0.67 0.93 0.91
0.06 0.2 0.08 0.38
0.75 0.92 0.81 0.93
0.4 0.75 0.98 0.76
0.15 0.45 0.16 0.63
0.43 0.2 0.77 0.68
0.65 0.24 0.83 0.65
0.83 0.6 0.98 0.67
0.08 0.02 0.74 0.46
0.51 0.13 0.86 0.61
0.91 0.91 0.95 0.93
0.48 0.05 0.66 0.38
0.52 0.39 0.99 0.67
0.01 0.0 0.99 0.69
0.9 0.71 0.92 0.97
0.41 0.06 0.94 0.46
0.25 0.28 0.82 0.53
0.3 0.1 0.84 0.18
0.91 0.27 0.99 0.33
0.9 0.12 0.92 0.23
0.55 0.31 0.58 0.88
0.78 0.2 0.83 0.72
0.02 0.94 0.58 0.97
0.21 0.72 0.61 0.92
0.94 0.23 0.98 0.89
0.19 0.84 0.93 0.96
0.87 0.32 0.9 0.53
0.15 0.85 0.46 0.99
0.58 0.57 0.72 0.64
0.63 0.53 0.99 0.98
0.96 0.91 0.96 0.94
0.93 0.57 0.96 0.74
0.5 0.37 0.79 0.52
0.93 0.39 0.96 0.45
0.24 0.26 0.72 0.42
0.51 0.47 0.89 0.6
0.63 0.77 0.63 0.79
0.68 0.58 0.82 0.71
0.56 0.63 0.95 0.91
0.65 0.33 0.99 0.34
0.64 0.36 0.84 0.98
0.25 0.82 0.47 0.83
0.69 0.69 0.79 0.78
0.65 0.47 0.77 0.9
0.61 0.47 0.74 0.87
0.04 0.68 0.55 0.74
0.11 0.66 0.47 0.89
0.66 0.13 0.79 0.8
0.1 0.06 0.7 0.6
0.5 0.66 0.54 0.66
0.65 0.49 0.83 0.95
0.51 0.6 0.77 0.88
0.16 0.03 0.67 0.32
0.24 0.66 0.78 0.9
0.31 0.24 0.38 0.82
0.32 0.81 0.4 0.87
0.95 0.85 0.97 0.88
0.5 0.3 0.89 0.73
0.02 0.11 0.16 0.72
0.66 0.91 0.98 0.99
0.4 0.69 0.7 0.77
0.19 0.54 0.56 0.87
0.82 0.89 0.88 0.96
0.19 0.52 0.8 0.82
0.92 0.67 0.98 0.96
0.5 0.34 0.53 0.59
0.88 0.01 0.97 0.39
0.29 0.55 0.35 0.8
0.01 0.57 0.61 0.61
0.66 0.64 0.7 0.71
0.11 0.3 0.68 0.89
0.7 0.42 0.72 0.87
0.67 0.54 0.94 0.81
0.41 0.23 0.7 0.97
0.73 0.64 0.93 0.99
0.54 0.57 0.95 0.74
0.72 0.11 0.87 0.11
0.93 0.77 0.98 0.95
0.89 0.85 0.89 0.85
0.46 0.41 0.64 0.67
0.74 0.05 0.81 0.51
0.17 0.21 0.61 0.7
0.02 0.64 0.45 0.69
0.41 0.81 0.84 0.88
0.23 0.35 0.28 0.37
0.71 0.48 0.99 0.72
0.03 0.47 0.79 0.76
0.22 0.22 0.57 0.61
0.91 0.83 0.99 0.96
0.79 0.91 0.87 0.95
0.56 0.78 0.99 0.78
0.76 0.06 0.84 0.12
0.04 0.09 0.06 0.37
0.58 0.7 0.91 0.99
0.7 0.56 0.86 0.62
0.32 0.56 0.89 0.98
0.08 0.7 0.91 0.93
0.62 0.54 0.67 0.68
0.14 0.96 0.54 0.97
0.97 0.6 0.99 0.64
0.1 0.62 0.27 0.87
0.51 0.35 0.55 0.83
0.35 0.29 0.49 0.63
0.45 0.76 0.75 0.82
0.72 0.61 0.87 0.87
0.23 0.61 0.48 0.77
0.64 0.31 0.77 0.52
0.08 0.08 0.5 0.27
0.97 0.92 0.99 0.92
0.81 0.26 0.9 0.42
0.87 0.8 0.9 0.82
0.88 0.37 0.99 0.5
0.84 0.84 0.97 0.95
0.06 0.01 0.43 0.7
0.9 0.32 0.92 0.94
0.39 0.82 0.56 0.87
0.26 0.36 0.99 0.79
0.34 0.16 0.79 0.75
0.24 0.55 0.8 0.97
0.87 0.73 0.9 0.92
0.02 0.02 0.34 0.3
0.15 0.06 0.95 0.21
0.48 0.57 0.75 0.76
0.64 0.41 0.65 0.92
0.63 0.71 0.95 0.97
0.51 0.04 0.69 0.85
0.88 0.4 0.99 0.67
0.71 0.64 0.93 0.66
0.32 0.33 0.62 0.67
0.61 0.54 0.88 0.79
0.63 0.56 0.7 0.79
0.03 0.18 0.34 0.46
0.06 0.43 0.64 0.52
0.19 0.34 0.64 0.59
0.06 0.77 0.93 0.77
0.31 0.35 0.67 0.4
0.92 0.48 0.95 0.97
0.8 0.4 0.8 0.44
0.25 0.59 0.33 0.96
0.41 0.04 0.52 0.46
0.45 0.65 0.46 0.9
0.31 0.72 0.51 0.91
0.14 0.76 0.17 0.97
0.04 0.13 0.35 0.56
0.16 0.51 0.53 0.84
0.66 0.9 0.72 0.96
0.12 0.8 0.5 0.84
0.3 0.28 0.92 0.77
0.46 0.7 0.89 0.91
0.27 0.15 0.4 0.39
0.61 0.71 0.95 0.89
0.54 0.83 0.87 0.85
0.07 0.42 0.54 0.61
0.69 0.8 0.88 0.84
0.95 0.09 0.98 0.7
0.58 0.49 0.72 0.66
0.8 0.28 0.82 0.35
0.26 0.41 0.64 0.63
0.09 0.6 0.2 0.92
0.72 0.93 0.72 0.94
0.57 0.29 0.93 0.36
0.61 0.31 0.86 0.84
0.82 0.4 0.97 0.99
0.48 0.6 0.51 0.68
0.24 0.89 0.55 0.95
0.85 0.14 0.89 0.52
0.32 0.17 0.67 0.83
0.92 0.02 0.93 0.13
0.54 0.56 0.9 0.98
0.32 0.19 0.94 0.38
0.41 0.84 0.57 0.89
0.69 0.08 0.96 0.45
0.88 0.75 0.97 0.98
0.72 0.62 0.79 0.71
0.61 0.17 0.97 0.19
0.07 0.26 0.3 0.56
0.59 0.27 0.82 0.4
0.4 0.87 0.8 0.97
0.57 0.52 0.72 0.58
0.53 0.74 0.94 0.87
0.46 0.56 0.87 0.6
0.98 0.23 0.99 0.32
0.76 0.31 0.77 0.86
0.16 0.02 0.61 0.42
0.07 0.14 0.97 0.8
0.34 0.16 0.69 0.93
0.8 0.9 0.87 0.93
0.83 0.57 0.92 0.96
0.8 0.54 0.86 0.57
0.08 0.0 0.63 0.22
0.45 0.65 0.82 0.8
0.61 0.18 0.82 0.18
0.97 0.57 0.98 0.85
0.45 0.41 0.82 0.93
0.96 0.77 0.96 0.78
0.68 0.7 0.99 0.95
0.48 0.63 0.72 0.92
0.14 0.95 0.58 0.98
0.52 0.66 0.93 0.78
0.38 0.21 0.75 0.84
0.59 0.2 0.78 0.2
0.54 0.9 0.61 0.95
0.36 0.29 0.7 0.76
0.91 0.16 0.94 0.77
0.13 0.38 0.78 0.93
0.99 0.52 0.99 0.64
0.33 0.22 0.44 0.45
0.25 0.04 0.87 0.21
0.76 0.32 0.86 0.84
0.56 0.05 0.72 0.63
0.28 0.09 0.55 0.23
0.65 0.92 0.7 0.93
0.79 0.18 0.95 0.8
0.16 0.72 0.91 0.74
0.49 0.08 0.56 0.28
0.08 0.54 0.97 0.94
0.77 0.11 0.78 0.54
0.69 0.87 0.9 0.91
0.64 0.95 0.86 0.98
0.82 0.86 0.92 0.98
0.15 0.17 0.86 0.17
0.45 0.47 0.92 0.84
0.63 0.7 0.76 0.83
0.23 0.96 0.61 0.96
0.96 0.54 0.96 0.97
0.95 0.87 0.98 0.91
0.2 0.14 0.53 0.48
0.78 0.65 0.96 0.65
0.59 0.18 0.83 0.53
0.09 0.92 0.4 0.99
0.51 0.67 0.62 0.69
0.28 0.29 0.43 0.61
0.83 0.65 0.83 0.66
0.46 0.02 0.76 0.13
0.97 0.66 0.97 0.76
0.76 0.33 0.77 0.92
0.77 0.85 0.92 0.96
0.01 0.87 0.84 0.98
0.73 0.87 0.79 0.93
0.53 0.62 0.98 0.63
0.68 0.49 0.94 0.94
0.04 0.27 0.18 0.64
0.97 0.35 0.98 0.7
0.49 0.44 0.56 0.82
0.0 0.97 0.85 0.98
0.45 0.33 0.71 0.57
0.85 0.94 0.98 0.96
0.94 0.66 0.94 0.81
0.73 0.36 0.83 0.48
0.82 0.15 0.91 0.77
0.46 0.21 0.46 0.26
0.12 0.35 0.24 0.82
0.55 0.84 0.65 0.95
0.4 0.74 0.89 0.92
0.95 0.28 0.98 0.56
0.53 0.42 0.84 0.56
0.29 0.35 0.46 0.74
0.71 0.85 0.86 0.89
0.79 0.16 0.95 0.82
0.86 0.64 0.96 0.92
0.89 0.37 0.89 0.59
0.35 0.45 0.98 0.7
0.64 0.89 0.99 0.9
0.83 0.22 0.98 0.94
0.88 0.71 0.9 0.76
0.29 0.43 0.46 0.58
0.24 0.12 0.69 0.67
0.83 0.03 0.95 0.52
0.75 0.76 0.94 0.84
0.37 0.27 0.4 0.73
0.62 0.85 0.62 0.93
0.23 0.45 0.38 0.77
0.19 0.22 0.25 0.87
0.25 0.49 0.31 0.88
0.21 0.81 0.34 0.99
0.22 0.63 0.81 0.67
0.74 0.37 0.92 0.74
0.39 0.31 0.63 0.9
0.63 0.56 0.93 0.56
0.07 0.39 0.49 0.58
0.48 0.73 0.56 0.99
0.63 0.48 0.8 0.76
0.19 0.55 0.37 0.71
0.72 0.01 0.78 0.61
0.15 0.16 0.3 0.19
0.45 0.78 0.93 0.92
0.86 0.58 0.96 0.93
0.68 0.53 0.79 0.78
0.17 0.09 0.67 0.79
0.98 0.52 0.99 0.62
0.44 0.74 0.58 0.98
0.97 0.64 0.98 0.94
0.85 0.41 0.88 0.72
0.11 0.87 0.48 0.88
0.35 0.79 0.69 0.95
0.34 0.43 0.78 0.63
0.93 0.08 0.93 0.45
0.71 0.16 0.78 0.64
0.38 0.78 0.99 0.82
0.65 0.33 0.95 0.35
0.39 0.92 0.94 0.95
0.24 0.75 0.68 0.81
0.83 0.19 0.83 0.8
0.92 0.4 0.96 0.67
0.6 0.56 0.8 0.64
0.89 0.48 0.93 0.74
0.88 0.23 0.88 0.92
0.91 0.23 0.95 0.82
0.83 0.93 0.9 0.95
0.13 0.25 0.47 0.92
0.08 0.99 0.35 0.99
0.67 0.32 0.89 0.35
0.5 0.27 0.65 0.94
0.09 0.37 0.09 0.57
0.7 0.85 0.83 0.94
0.27 0.55 0.37 0.68
0.01 0.76 0.89 0.85
0.81 0.38 0.92 0.99
0.68 0.17 0.88 0.83
0.58 0.92 0.61 0.98
0.35 0.63 0.71 0.93
0.51 0.67 0.65 0.89
0.6 0.01 0.79 0.65
0.31 0.29 0.98 0.45
0.15 0.89 0.52 0.92
0.86 0.77 0.98 0.98
0.26 0.14 0.31 0.24
0.43 0.0 0.9 0.28
0.55 0.07 0.65 0.41
0.15 0.13 0.75 0.54
0.42 0.81 0.55 0.94
0.33 0.71 0.86 0.8
0.03 0.88 0.56 0.92
0.73 0.51 0.9 0.92
0.69 0.7 0.95 0.95
0.23 0.11 0.86 0.91
0.31 0.66 0.81 0.89
0.84 0.08 0.89 0.75
0.81 0.62 0.99 0.69
0.09 0.76 0.72 0.87
0.83 0.41 0.92 0.53
0.33 0.44 0.99 0.53
0.32 0.98 0.85 0.98
0.25 0.86 0.42 0.94
0.86 0.34 0.92 0.8
0.23 0.59 0.9 0.84
0.56 0.53 0.92 0.7
0.09 0.26 0.15 0.34
0.21 0.29 0.22 0.79
0.8 0.87 0.92 0.98
0.48 0.92 0.92 0.95
0.11 0.56 0.6 0.98
0.12 0.86 0.22 0.89
0.35 0.63 0.58 0.79
0.94 0.36 0.98 0.61
0.59 0.01 0.67 0.95
0.76 0.78 0.85 0.8
0.23 0.76 0.54 0.86
0.7 0.57 0.83 0.83
0.9 0.94 0.93 0.97
0.05 0.9 0.6 0.95
0.21 0.39 0.75 0.71
0.25 0.32 0.74 0.34
0.99 0.3 0.99 0.94
0.48 0.53 0.61 0.7
0.69 0.2 0.78 0.3
0.75 0.06 0.98 0.76
0.21 0.23 0.36 0.8
0.33 0.41 0.97 0.53
0.85 0.0 0.94 0.64
0.89 0.78 0.96 0.95
0.87 0.69 0.88 0.92
0.65 0.19 0.9 0.19
0.95 0.47 0.96 0.96
0.05 0.21 0.29 0.86
0.42 0.0 0.51 0.89
0.24 0.53 0.54 0.69
0.82 0.45 0.95 0.94
0.92 0.96 0.97 0.99
0.81 0.69 0.86 0.77
0.4 0.42 0.57 0.45
0.09 0.4 0.33 0.43
0.82 0.48 0.92 0.57
0.38 0.13 0.65 0.99
0.95 0.93 0.96 0.98
0.13 0.47 0.7 0.94
0.91 0.44 0.91 0.85
0.89 0.87 0.94 0.89
0.51 0.47 0.74 0.59
0.34 0.2 0.57 0.87
0.89 0.97 0.97 0.99
0.12 0.52 0.67 0.66
0.8 0.93 0.88 0.93
0.46 0.98 0.87 0.98
0.27 0.48 0.65 0.95
0.53 0.66 0.95 0.71
0.28 0.99 0.63 0.99
0.99 0.22 0.99 0.28
0.7 0.7 0.86 0.71
0.1 0.72 0.63 0.97
0.85 0.77 0.94 0.79
0.53 0.09 0.61 0.25
0.59 0.7 0.62 0.86
0.02 0.23 0.44 0.46
0.54 0.76 0.82 0.96
0.6 0.19 0.6 0.46
0.1 0.65 0.48 0.79
0.69 0.55 0.86 0.61
0.61 0.73 0.72 0.92
0.29 0.6 0.52 0.73
0.22 0.04 0.63 0.63
0.31 0.01 0.58 0.48
0.45 0.39 0.84 0.64
0.61 0.74 0.81 0.91
0.75 0.44 0.78 0.98
0.24 0.61 0.94 0.61
0.56 0.05 0.87 0.81
0.46 0.24 0.86 0.32
0.39 0.16 0.79 0.45
0.46 0.81 0.92 0.96
0.69 0.29 0.79 0.94
0.17 0.48 0.36 0.61
0.87 0.13 0.99 0.7
0.76 0.95 0.81 0.95
0.59 0.53 0.84 0.93
0.74 0.61 0.89 0.76
0.31 0.97 0.53 0.97
0.52 0.06 0.67 0.45
0.63 0.69 0.92 0.76
0.92 0.4 0.93 0.47
0.57 0.98 0.83 0.99
0.21 0.05 0.37 0.06
0.4 0.41 0.91 0.85
0.11 0.54 0.22 0.98
0.03 0.22 0.1 0.47
0.97 0.61 0.98 0.98
0.33 0.38 0.69 0.41
0.4 0.79 0.99 0.84
0.93 0.14 0.96 0.87
0.86 0.46 0.96 0.74
0.21 0.65 0.23 0.75
0.45 0.79 0.63 0.98
0.72 0.29 0.88 0.65
0.52 0.17 0.65 0.35
0.45 0.98 0.91 0.99
0.83 0.04 0.93 0.48
0.39 0.64 0.48 0.88
0.96 0.79 0.96 0.84
0.53 0.77 0.59 0.79
0.26 0.25 0.85 0.62
0.2 0.29 0.58 0.6
0.06 0.95 0.29 0.96
0.1 0.99 0.88 0.99
0.77 0.84 0.97 0.99
0.23 0.22 0.51 0.69
0.71 0.71 0.87 0.93
0.39 0.09 0.92 0.15
0.0 0.44 0.61 0.98
0.93 0.57 0.95 0.95
0.98 0.26 0.98 0.63
0.04 0.91 0.62 0.93
0.0 0.82 0.71 0.9
0.73 0.63 0.73 0.75
0.74 0.99 0.84 0.99
0.86 0.73 0.91 0.89
0.75 0.27 0.99 0.68
0.66 0.51 0.77 0.66
0.53 0.83 0.9 0.97
0.31 0.97 0.39 0.99
0.22 0.67 0.41 0.72
0.34 0.35 0.62 0.53
0.34 0.54 0.81 0.91
0.15 0.85 0.88 0.92
0.01 0.55 0.04 0.63
0.07 0.22 0.15 0.78
0.27 0.22 0.87 0.37
0.31 0.04 0.32 0.4
0.63 0.55 0.74 0.83
0.05 0.38 0.16 0.56
0.07 0.29 0.13 0.93
0.79 0.66 0.89 0.91
0.04 0.39 0.73 0.99
0.25 0.86 0.73 0.99
0.32 0.26 0.45 0.53
0.61 0.3 0.98 0.3
0.68 0.57 0.83 0.79
0.54 0.72 0.85 0.83
0.28 0.75 0.98 0.87
0.71 0.66 0.85 0.91
0.64 0.4 0.64 0.78
0.82 0.07 0.89 0.42
0.19 0.2 0.82 0.47
0.35 0.22 0.68 0.54
0.73 0.13 0.94 0.23
0.57 0.2 0.84 0.77
0.58 0.41 0.83 0.59
0.97 0.3 0.97 0.35
0.38 0.05 0.4 0.92
0.2 0.53 0.88 0.97
0.81 0.51 0.85 0.51
0.99 0.64 0.99 0.99
0.58 0.21 0.72 0.41
0.42 0.4 0.67 0.42
0.41 0.22 0.6 0.76
0.51 0.19 0.53 0.66
0.14 0.07 0.75 0.47
0.94 0.44 0.95 0.46
0.57 0.63 0.67 0.8
0.88 0.55 0.89 0.73
0.06 0.9 0.55 0.99
0.77 0.79 0.88 0.9
0.28 0.99 0.5 0.99
0.76 0.19 0.77 0.82
0.24 0.34 0.67 0.47
0.99 0.76 0.99 0.8
0.44 0.93 0.59 0.98
0.3 0.37 0.76 0.98
0.22 0.78 0.31 0.85
0.59 0.05 0.72 0.66
0.72 0.83 0.8 0.96
0.01 0.87 0.54 0.9
0.35 0.85 0.8 0.97
0.46 0.89 0.52 0.95
0.62 0.85 0.63 0.97
0.42 0.09 0.7 0.65
0.1 0.21 0.85 0.98
0.94 0.18 0.99 0.75
0.17 0.51 0.19 0.61
0.12 0.96 0.26 0.97
0.56 0.4 0.83 0.86
0.84 0.07 0.87 0.24
0.9 0.98 0.9 0.99
0.06 0.79 0.67 0.91
0.97 0.94 0.98 0.99
0.2 0.3 0.25 0.99
0.1 0.39 0.29 0.89
0.42 0.92 0.46 0.94
0.07 0.4 0.67 0.61
0.5 0.14 0.57 0.41
0.46 0.41 0.75 0.69
0.48 0.59 0.72 0.95
0.76 0.94 0.94 0.94
0.4 0.97 0.89 0.97
0.72 0.78 0.87 0.81
0.44 0.93 0.77 0.97
0.07 0.81 0.09 0.86
0.21 0.22 0.39 0.62
0.23 0.61 0.56 0.7
0.02 0.93 0.27 0.96
0.86 0.2 0.95 0.8
0.34 0.08 0.78 0.96
0.34 0.76 0.77 0.82
0.33 0.93 0.71 0.99
0.89 0.98 0.96 0.99
0.15 0.03 0.97 0.64
0.64 0.91 0.85 0.96
0.06 0.85 0.32 0.97
0.2 0.97 0.89 0.99
0.83 0.01 0.86 0.78
0.3 0.1 0.81 0.73
0.21 0.26 0.25 0.58
0.76 0.71 0.91 0.92
0.7 0.77 0.7 0.82
0.91 0.7 0.91 0.79
0.47 0.51 0.71 0.82
0.14 0.48 0.4 0.59
0.73 0.93 0.82 0.98
0.54 0.08 0.65 0.54
0.64 0.62 0.98 0.71
0.73 0.77 0.81 0.93
0.57 0.16 0.66 0.65
0.36 0.55 0.97 0.67
0.49 0.31 0.66 0.5
0.2 0.38 0.51 0.49
0.7 0.4 0.77 0.45
0.3 0.69 0.57 0.8
0.98 0.31 0.99 0.37
0.36 0.88 0.53 0.95
0.33 0.33 0.63 0.43
0.25 0.62 0.33 0.68
0.93 0.61 0.99 0.69
0.01 0.91 0.91 0.91
0.52 0.5 0.88 0.81
0.99 0.62 0.99 0.73
0.4 0.71 0.67 0.94
0.97 0.95 0.97 0.95
0.16 0.62 0.26 0.73
0.4 0.66 0.68 0.71
0.73 0.66 0.9 0.71
0.7 0.18 0.95 0.94
0.89 0.48 0.99 0.63
0.45 0.38 0.46 0.6
0.84 0.52 0.9 0.87
0.19 0.67 0.6 0.92
0.03 0.2 0.81 0.3
0.62 0.47 0.96 0.98
0.63 0.2 0.83 0.94
0.46 0.11 0.48 0.24
0.64 0.64 0.68 0.99
0.24 0.26 0.45 0.64
0.08 0.33 0.1 0.61
0.67 0.27 0.77 0.42
0.75 0.92 0.87 0.98
0.9 0.62 0.91 0.87
0.46 0.56 0.92 0.79
0.02 0.67 0.95 0.93
0.9 0.99 0.91 0.99
0.07 0.85 0.08 0.89
0.67 0.9 0.82 0.95
0.84 0.76 0.94 0.9
0.75 0.04 0.77 0.44
0.69 0.78 0.93 0.87
0.1 0.62 0.56 0.7
0.82 0.66 0.89 0.89
0.81 0.06 0.82 0.36
0.31 0.08 0.63 0.39
0.13 0.22 0.14 0.94
0.03 0.25 0.39 0.26
0.23 0.41 0.6 0.5
0.14 0.13 0.58 0.33
0.07 0.62 0.09 0.92
0.62 0.63 0.88 0.94
0.59 0.87 0.97 0.93
0.67 0.66 0.8 0.96
0.86 0.83 0.89 0.99
0.2 0.39 0.46 0.45
0.71 0.76 0.91 0.83
0.87 0.68 0.91 0.82
0.81 0.49 0.85 0.93
0.29 0.66 0.41 0.8
0.7 0.24 0.81 0.91
0.44 0.6 0.54 0.96
0.94 0.92 0.98 0.97
0.82 0.17 0.87 0.89
0.87 0.99 0.97 0.99
0.66 0.69 0.66 0.78
0.13 0.85 0.58 0.88
0.47 0.2 0.62 0.56
0.76 0.15 0.9 0.25
0.98 0.61 0.98 0.96
0.18 0.73 0.36 0.74
0.98 0.44 0.98 0.94
0.24 0.24 0.77 0.99
0.27 0.68 0.76 0.75
0.09 0.71 0.91 0.71
0.62 0.53 0.67 0.88
0.72 0.9 0.98 0.94
0.08 0.62 0.14 0.73
0.77 0.14 0.83 0.89
0.12 0.92 0.21 0.99
0.68 0.29 0.73 0.32
0.6 0.88 0.66 0.93
0.47 0.28 0.77 0.76
0.16 0.96 0.37 0.99
0.18 0.43 0.46 0.68
0.27 0.66 0.63 0.73
0.94 0.59 0.94 0.72
0.03 0.27 0.21 0.51
0.81 0.72 0.84 0.73
0.43 0.62 0.47 0.83
0.9 0.3 0.93 0.86
0.66 0.74 0.73 0.91
0.43 0.0 0.56 0.67
0.43 0.74 0.93 0.95
0.83 0.23 0.99 0.85
0.44 0.72 0.74 0.74
0.14 0.59 0.8 0.91
0.64 0.97 0.99 0.97
0.02 0.31 0.55 0.66
0.07 0.58 0.09 0.77
0.73 0.19 0.95 0.27
0.24 0.9 0.97 0.93
0.52 0.4 0.78 0.71
0.91 0.61 0.92 0.9
0.11 0.68 0.15 0.83
0.48 0.34 0.84 0.85
0.03 0.65 0.42 0.71
0.6 0.85 0.81 0.99
0.42 0.62 0.97 0.87
0.09 0.89 0.86 0.93
0.47 0.81 0.56 0.88
0.72 0.78 0.95 0.85
0.56 0.82 0.75 0.89
0.19 0.36 0.68 0.84
0.62 0.54 0.66 0.94
0.57 0.98 0.76 0.98
0.37 0.39 0.55 0.65
0.34 0.28 0.7 0.34
0.21 0.46 0.73 0.81
0.14 0.21 0.38 0.57
0.78 0.36 0.78 0.58
0.73 0.2 0.74 0.2
0.29 0.44 0.56 0.61
0.77 0.02 0.79 0.11
0.14 0.64 0.18 0.92
0.89 0.1 0.91 0.71
